
Total Items: 1024
Day Items: 515
Night Items: 509


Total Bitcoins: 362
Day Bitcoins: 181
Night Bitcoins: 181


Total Chests: 84
Day Chests: 42
Night Chests: 42


Total Bitcoins in Chests: 662
Day Bitcoins in Chests: 334
Night Bitcoins in Chests: 328

 ========================== 

Items per chunk
---Day
------Overworld - 251
---------19 25 0 0 18 35 21 1 26 42 45 19
------Dungeon 1 - 123
---------23 30 21 12 11 9 4 0 13 0 0 0
------Dungeon 2 - 79
---------8 8 7 8 8 8 9 8 7 8 0 0
------Dungeon 3 - 62
---------10 19 4 11 5 4 4 5 0 0 0 0
---Night
------Overworld - 245
---------19 24 0 0 19 34 20 1 27 43 41 17
------Dungeon 1 - 121
---------23 30 20 11 12 9 4 0 12 0 0 0
------Dungeon 2 - 78
---------8 8 8 8 8 8 8 7 8 7 0 0
------Dungeon 3 - 65
---------12 20 4 11 5 4 4 5 0 0 0 0

 ========================== 

Bitcoins per chunk
---Day
------Overworld - 116
---------11 10 0 0 11 11 13 1 11 18 20 10
------Dungeon 1 - 32
---------7 5 5 4 3 1 4 0 3 0 0 0
------Dungeon 2 - 0
---------0 0 0 0 0 0 0 0 0 0 0 0
------Dungeon 3 - 33
---------4 4 4 3 5 4 4 5 0 0 0 0
---Night
------Overworld - 116
---------11 10 0 0 11 11 13 1 11 18 20 10
------Dungeon 1 - 32
---------7 5 5 4 3 1 4 0 3 0 0 0
------Dungeon 2 - 0
---------0 0 0 0 0 0 0 0 0 0 0 0
------Dungeon 3 - 33
---------4 4 4 3 5 4 4 5 0 0 0 0

 ========================== 

Chests per chunk
---Day
------Overworld - 17
---------1 2 0 0 1 3 1 0 2 3 3 1
------Dungeon 1 - 11
---------2 3 2 1 1 1 0 0 1 0 0 0
------Dungeon 2 - 10
---------1 1 1 1 1 1 1 1 1 1 0 0
------Dungeon 3 - 4
---------1 2 0 1 0 0 0 0 0 0 0 0
---Night
------Overworld - 17
---------1 2 0 0 1 3 1 0 2 3 3 1
------Dungeon 1 - 11
---------2 3 2 1 1 1 0 0 1 0 0 0
------Dungeon 2 - 10
---------1 1 1 1 1 1 1 1 1 1 0 0
------Dungeon 3 - 4
---------1 2 0 1 0 0 0 0 0 0 0 0

 ========================== 

Bitcoins in chests per chunk
---Day
------Overworld - 135
---------8 15 0 0 7 24 8 0 15 24 25 9
------Dungeon 1 - 91
---------16 25 16 8 8 8 0 0 10 0 0 0
------Dungeon 2 - 79
---------8 8 7 8 8 8 9 8 7 8 0 0
------Dungeon 3 - 29
---------6 15 0 8 0 0 0 0 0 0 0 0
---Night
------Overworld - 129
---------8 14 0 0 8 23 7 0 16 25 21 7
------Dungeon 1 - 89
---------16 25 15 7 9 8 0 0 9 0 0 0
------Dungeon 2 - 78
---------8 8 8 8 8 8 8 7 8 7 0 0
------Dungeon 3 - 32
---------8 16 0 8 0 0 0 0 0 0 0 0
